Введите размер матрицы: 4
1 * 1 1
1 1 1 *
* 1 1 1
1 1 * 1

Введите размер матрицы: 5
* 1 1 1 1
1 1 * 1 1
1 1 1 1 *
1 * 1 1 1
1 1 1 * 1

Введите размер матрицы: 6
1 * 1 1 1 1
1 1 1 * 1 1
1 1 1 1 1 *
* 1 1 1 1 1
1 1 * 1 1 1
1 1 1 1 * 1

Введите размер матрицы: 7
1 1 1 1 1 * 1
* 1 1 1 1 1 1
1 1 * 1 1 1 1
1 1 1 1 * 1 1
1 1 1 1 1 1 *
1 * 1 1 1 1 1
1 1 1 * 1 1 1

Введите размер матрицы: 8
1 1 1 1 * 1 1 1
1 * 1 1 1 1 1 1
1 1 1 * 1 1 1 1
1 1 1 1 1 1 * 1
1 1 * 1 1 1 1 1
1 1 1 1 1 1 1 *
1 1 1 1 1 * 1 1
* 1 1 1 1 1 1 1

Введите размер матрицы: 9
1 1 1 1 1 1 1 1 1
1 1 1 1 1 1 1 1 1
1 1 1 1 1 1 1 1 1
1 1 1 1 1 1 1 1 1
1 1 1 1 1 1 1 1 1
1 1 1 1 1 1 1 1 1
1 1 1 1 1 1 1 1 1
1 1 1 1 1 1 1 1 1
1 1 1 1 1 1 1 1 1